procs -----------memory---------- ---swap-- -----io---- -system-- ------cpu-----
 r  b   swpd   free   buff  cache   si   so    bi    bo   in   cs us sy id wa st
 0  0  75876 7129912      0 125640 4966 5499  5015  5499  110 2037  0  2 87 11  0
 0  0  75876 7129772      0 125572    0    0     0     0  274  808  0  0 100  0  0
 3  0  75876 5236444      0 125572    0    0     0     0 1430  794  7  8 85  0  0
 3  0  75876 517964      0 125572    0    0     0     0 27841  728 17 20 62  0  0
 0  4 357924 112516      0 104592   64 282156    64 282156 98133 20167  2  7 50 42  0
 1  4 719108 102680      0 104216    0 361256     0 361287 105519 30997  0  7 51 43  0
 0  4 1004480 122272      0  88688    0 329208  4036 329208 119457 47211  2 11 49 37  0
 0  3 1422580 125048      0  88712    0 374196   160 374196 112514 40293  0  9 55 36  0
 1  3 1781016 119428      0  86324    0 358432     0 358440 124902 39624  3 12 57 28  0
 0  4 2138212 118928      0  85544    0 357200    24 357200 109146 33212  0  9 55 35  0
 0  5 2498232 122564      0  88636 1160 360388  5516 360388 139932 39707  3 13 50 34  0
 1  5 2861768 110432      0  90752  816 363924  5956 363936 71577 45219  1  9 31 59  0
 1  4 3177816 112764      0  93244 2496 317140 10816 317152 128084 31651  2 13 43 42  0
 5  0 3555288 102040      0  98316  144 377756  5480 377783 154600 46188  1 12 45 42  0
 4  1 3914844 118036      0  92040    0 359496     0 359504 152116 42220  1 12 44 44  0
 0  5 4286172 115412      0  93848  356 371340  3532 371352 135619 41920  0 11 43 46  0
 0  4 4624740 102156      0  93052  300 338572   408 338580 161904 34187  4 15 48 34  0
 2  2 4976008 107228      0  88580  176 351300   228 351308 160985 45699  1 12 46 41  0
 1  2 5304404 104692      0  88456   68 328420   184 328428 399043 29848  3 17 48 31  0
 0  1 5308312 136992      0  97268 11864 8848 28604 13540 5754 15122  0  1 88 11  0
 0  3 5340952 157340      0 119792 115204 135460 119276 197742 52475 54392  0  7 79 14  0
procs -----------memory---------- ---swap-- -----io---- -system-- ------cpu-----
 r  b   swpd   free   buff  cache   si   so    bi    bo   in   cs us sy id wa st
 0  2 5416592 104952      0 174976 143128 116740 147492 198428 61562 72155  0  8 78 14  0
 0  3 5428632 102552      0 226744 89340 67224 89356 122652 38067 51206  0  7 78 15  0
 0  2 5414340 107092      0 231628 82784 36052 82808 86402 32659 43289  0  5 78 17  0
 0  1 5418796 143132      0 225536 88296 46412 88696 88349 34139 40908  0  5 79 16  0
 1  1 5450236 142652      0 215112 95052 80824 95108 130178 44203 46133  0  7 76 17  0
 0  1 5697776 187060      0 156076 27844 265496 27844 283192 55673 35882  0 11 79 11  0
 1  1 5738048 378424      0 167648 107080 108656 107508 177196 60250 63927  0  9 77 15  0
 1  0 5675620 216644      0 229484 136432 38412 136432 129108 46182 53950  0  6 85  8  0
 0  5 5611476 104976      0 243752 96400    0 96400 59508 31141 44725  0  3 57 40  0
 0  3 5558164 121312      0 165864 62732    0 62732 68200 20177 34331  0  2 67 31  0
 1  2 5602704 107608      0 206576 57328 82972 57328 121420 32996 31286  0  5 73 22  0
 0  2 5562804 115768      0 234544 100444 24448 100444 88810 37213 47215  0  6 77 18  0
 0  1 5744868 222740      0 141440 17012 191396 17012 200728 26323 18142  0  9 83  8  0
 0  2 5834336 195848      0 188644 61788 136284 61788 181308 35053 28844  0  8 87  5  0
 0  2 5755516 106936      0 178044 101760    0 101760 80360 32244 63808  0  4 74 22  0
 0  2 5700416 107676      0 200580 84552    0 84552 55368 32716 41098  0  4 72 24  0
 0  3 5609884 123240      0 208136 103352    0 103416 64430 36460 54692  0  4 66 30  0
 0  4 5574344 102384      0 175792 51900    0 52224 58992 16338 19595  0  2 61 37  0
 2  1 5509180 195252      0 235260 61880    0 61880 59180 22358 47864  0  3 77 19  0
 0  5 5424836 122244      0 212940 96500    0 96500 74236 28773 35129  0  3 64 32  0
 0  3 5411724 155520      0 162536 17304    0 17304 31848 6186 8462  0  1 63 37  0
procs -----------memory---------- ---swap-- -----io---- -system-- ------cpu-----
 r  b   swpd   free   buff  cache   si   so    bi    bo   in   cs us sy id wa st
 0  1 5364088 162096      0 175088 62268    0 62268 44428 24666 38161  0  3 74 23  0
 0  2 5328708 117468      0 158532 60788    0 60788 61120 19051 38101  0  2 74 24  0
 1  0 5430512 171420      0 207720 43176 131072 43176 174706 50719 41105  0  7 73 20  0
 0  5 5340296 119500      0 183312 90412    0 90412 94664 27686 71566  0  5 66 29  0
 0  1 5329324 212128      0 184384 27744 4728 27744 39276 23361 17369  0  2 70 28  0
 0  2 5277396 136276      0 197820 64128    0 64128 77512 20218 47672  0  3 67 30  0
 0  2 5246876 102164      0 200108 30880    0 30880 45360 9909 18797  0  2 61 38  0
 0  3 5316624 102288      0 258036 4192 71796  4192 141436 9204 81670  0  5 79 16  0
 0  4 5316624 118764      0 239900    0    0     0 64538  637 44825  0  2 62 36  0
 0  3 5316624 150820      0 208192    0    0     0 48648  429 12426  0  0 61 39  0
 0  5 5292344 107248      0 178676 72948    0 73148 52476 23347 24565  0  2 71 27  0
 1  0 5348756 149428      0 162372 25440 67524 27012 88536 17931 14636  0  4 64 32  0
 1  1 5425924 130132      0 146912 79480 121044 79480 164924 38656 40503  0  9 78 13  0
 1  1 5604128 148464      0 119044 68120 212884 68120 247488 73722 49114  0 13 75 12  0
 0  1 5647920 153872      0 117912 109800 96872 109804 150036 49345 57520  0 11 78 11  0
 0  2 5622496 132924      0 143824 135128 40804 135128 107044 50057 62345  0  8 82  9  0
 1  2 5633992 138652      0 159956 107060 75632 107108 139768 46083 51077  0  8 79 13  0
 0  2 5731500 129568      0 136176 72336 138992 72372 180488 50784 40217  0  9 75 17  0
 0  1 5749440 184520      0 139008 100548 69632 100548 119760 48036 44116  0  8 83  9  0
 0  1 5750804 231456      0 141448 114816 65536 114816 128916 46674 56746  0  8 82 10  0
 0  5 5705272 111896      0 171888 87816    0 88172 86768 26274 68581  0  3 69 27  0
procs -----------memory---------- ---swap-- -----io---- -system-- ------cpu-----
 r  b   swpd   free   buff  cache   si   so    bi    bo   in   cs us sy id wa st
 0  4 5655168 101868      0 241364 56148    0 56352 61474 22149 24838  0  3 63 33  0
 0  2 5582660 135388      0 174808 95508    0 95508 75256 38909 39043  0  3 64 32  0
 3  1 5537912 138020      0 201504 72588    0 72588 45168 26466 35594  0  3 76 21  0
 0  3 5503080 112428      0 168368 67652 5248 67652 45524 22228 28752  0  2 69 29  0
 0  3 5498608 124836      0 200652 78976 64384 78976 132940 37546 45851  0  7 76 17  0
 1  0 5526048 143960      0 208120 32692 59996 32908 92826 24179 20617  0  5 61 34  0
 0  1 5540496 211584      0 224428 43316 71076 43316 156825 23330 62198  0  8 82 10  0
 0  4 5540496 142556      0 290232  192    0  2872 46240 1025 70214  0  1 68 31  0
 0  4 5540496 109660      0 323052    0    0  4840 48644  547 21052  0  0 58 41  0
 0  6 5540488 118676      0 313704   16    0  2104 44044  549 23891  0  0 52 48  0
 2  3 5540456 104980      0 326484  104    0  3768 40976  709 46994  0  1 54 45  0
 0  5 5540432 109272      0 329604  124    0   200 48136  560 8173  0  0 57 43  0
 0  5 5540400 189528      0 245436  184    0  2992 28676  603 5317  0  0 53 46  0
 0  4 5540308 106496      0 325012  148    0  6000 57396  965 40117  0  2 51 48  0
 0  6 5540204 118868      0 312096  268    0  2144 28704  897 32697  0  1 58 40  0
 0  3 5540204 127372      0 303388    0    0    28 62996  622 27597  0  1 63 37  0
 2  2 5540204 127224      0 303748    0    0     0 64012  654 34876  0  1 66 33  0
 0  3 5540204 109620      0 321964    0    0     0 64523  606 22479  0  0 63 37  0
 0  3 5540204 125804      0 306028    0    0     0 48136  574 24658  0  0 67 33  0
 0  3 5540204 142696      0 290424    0    0     0 48148  629 24715  0  0 63 37  0
 0  3 5540204 131004      0 301584    0    0     0 64012  621 25755  0  0 64 36  0
procs -----------memory---------- ---swap-- -----io---- -system-- ------cpu-----
 r  b   swpd   free   buff  cache   si   so    bi    bo   in   cs us sy id wa st
 2  2 5540204 144840      0 287104    0    0     0 64520  573 26106  0  1 63 37  0
 0  3 5540204 164928      0 267364    0    0     0 48136  619 27159  0  0 63 37  0
 2  2 5540204 155816      0 277016    0    0     0 64520  642 26582  0  0 63 37  0
 0  4 5540204 200324      0 232072    0    0   148 64016  606 20091  0  0 63 37  0
 0  3 5540132 102336      0 328168   92    0    92 48144 1191 215208  3  4 67 26  0
 0  4 5540132 156812      0 274088    0    0     0 64012  433  883  0  0 62 37  0
 0  3 5540132 102404      0 328188    0    0     0 61460  474  844  0  1 67 32  0
 0  4 5540132 147112      0 290472    0    0     0 46600  470  951  0  0 64 36  0
 0  3 5540132 118028      0 319376    0    0     0 63508  542  897  0  1 71 29  0
 0  3 5540132 129488      0 308252    0    0     0 59928  489  959  0  1 67 32  0
 0  3 5537404 155468      0 277572 3748    0  3748 64520 1456 1720  0  0 74 25  0
 0  6 5506172 102008      0 271012 59132    0 59132 48144 20422 21001  0  2 55 43  0
 0  2 5488932 136196      0 220908 16652    0 16652 48332 6183 7764  0  1 58 42  0
 0  3 5449264 112300      0 180956 61752    0 61752 43004 19214 22057  0  2 66 32  0
 0  3 5447496 103756      0 187036 93156 65536 93156 127364 55628 53857  0  6 78 16  0
 0  2 5401620 114208      0 221192 68600    0 68600 51372 26704 32826  0  3 70 27  0
 0  1 5498076 254436      0 184560 55380 131072 55380 164200 47847 32190  0  7 80 13  0
 0  2 5416740 152888      0 173572 110784    0 110784 82456 38330 54865  0  4 85 11  0
 0  2 5435424 111820      0 199872 70836 68380 70836 118440 35583 39908  0  5 74 21  0
 1  2 5505728 151292      0 180716 61544 112116 61756 153848 47903 32439  0  9 74 17  0
 2  0 5526276 249772      0 193084 93852 89596 93852 154516 44084 43324  0  8 79 13  0
procs -----------memory---------- ---swap-- -----io---- -system-- ------cpu-----
 r  b   swpd   free   buff  cache   si   so    bi    bo   in   cs us sy id wa st
 1  2 5527640 153796      0 221888 69588 57148 69588 115736 30380 39762  0  3 85 12  0
 0  2 5525584 121304      0 226344 102476 72316 102476 146088 47129 61067  0  6 79 15  0
 0  2 5473412 103200      0 192676 50944    0 50944 54072 17085 27279  0  2 71 27  0
 0  2 5405856 108548      0 198120 84360    0 84360 67152 36835 40337  0  4 72 25  0
 0  2 5363776 106232      0 181808 53244 2272 53244 47056 19950 27251  0  3 68 29  0
 0  3 5360368 113316      0 225436 61932 55644 61932 114727 30451 37321  0  6 77 18  0
 3  2 5429976 161968      0 193456 49984 113284 49984 156344 31898 33214  0  6 71 23  0
 1  2 5382160 121848      0 216812 96524 21472 96524 91152 38859 48618  0  6 76 19  0
 0  3 5368276 104932      0 237144 47792 35840 47792 85822 20723 26460  0  4 70 26  0
 1  1 5327112 103100      0 214752 59372 7296 59372 55652 20183 26651  0  3 75 22  0
 4  1 5292324 102380      0 219952 75256 29908 75256 94724 31213 39730  0  5 74 21  0
 0  2 5297636 105416      0 225372 60488 66092 60488 126880 26283 36920  0  6 75 19  0
 0  1 5295516 147864      0 220660 55080 46988 55080 95926 26676 31757  0  5 71 24  0
 3  0 5266748 142844      0 203236 63840 23068 63840 75008 32460 29497  0  4 72 24  0
 0  2 5292596 114876      0 226668 81212 84044 81212 142300 39510 46106  0  7 76 17  0
 0  2 5306776 116728      0 209532 71756 69388 71756 124372 34245 40066  0  6 74 20  0
 1  1 5373972 139724      0 204280 52860 121612 52860 176180 38477 41142  0 10 76 14  0
 1  2 5339760 109144      0 220380 73176 28340 73176 90913 29344 40122  0  5 76 19  0
 0  1 5350584 150424      0 188040 71776 62000 71776 112492 32563 36775  0  5 83 11  0
 1  0 5329952 144024      0 169056 65320 32472 65320 86188 25343 36535  0  4 83 13  0
 1  1 5386500 224064      0 195300 36632 105096 36632 152628 22998 21226  0  8 87  5  0
procs -----------memory---------- ---swap-- -----io---- -system-- ------cpu-----
 r  b   swpd   free   buff  cache   si   so    bi    bo   in   cs us sy id wa st
 0  2 5324084 167280      0 185856 64880    0 64880 62064 20263 30668  0  2 84 14  0
 0  1 5323044 136080      0 209356 74608 60572 74608 121360 30366 40547  0  4 80 16  0
 3  1 5265336 118056      0 168584 60196    0 60196 59844 19951 27629  0  3 76 21  0
 1  1 5240988 168668      0 191076 91236 31440 91236 86536 44033 42517  0  5 79 16  0
 2  1 5201172 102956      0 187912 96724 22168 96724 84800 41666 49765  0  5 80 15  0
 0  1 5271656 137792      0 194284 61208 116732 61208 161564 47938 35519  0  8 85  7  0
 0  1 5225316 139420      0 165504 81848 13224 81848 74184 36497 47847  0  5 81 15  0
 1  0 5389204 321488      0 135460    0 163884     0 163884 18802 11686  0 10 87  3  0
 0  1 5360444 254760      0 207152 105052 41744 105052 99116 39789 39479  0  6 88  6  0
 0  1 5298676 121076      0 251848 87812    0 87812 73120 32264 41499  0  3 88  9  0
 0  1 5251960 129272      0 178920 65040    0 67532 48368 24152 32365  0  2 80 18  0
 0  1 5295292 209704      0 170112 35220 74624 35220 105952 21657 25092  0  6 82 13  0
 0  1 5350120 232008      0 189032 53492 91512 53492 124296 29142 27957  0  8 88  5  0
 0  2 5283640 155000      0 163512 102512    0 102512 70344 35024 43988  0  3 86 10  0
 0  2 5300400 144212      0 152668 85916 78928 85916 141079 37344 44556  0  8 78 14  0
 0  2 5322392 115800      0 193788 70924 81044 70924 140172 38695 37602  0  8 76 16  0
 1  2 5370832 102820      0 194948 79260 109828 79260 171216 42786 47863  0 11 77 12  0
 0  2 5367932 156120      0 178332 69856 54464 69856 110592 33114 40368  0  6 83 11  0
 0  3 5315004 102756      0 181024 55308    0 55308 54160 16834 22439  0  3 75 23  0
 1  1 5342416 150896      0 171340 50368 75912 50368 124428 28762 31341  0  6 77 17  0
 2  1 5305344 121212      0 185044 83532 32808 83532 102716 41268 39067  0  6 77 18  0
procs -----------memory---------- ---swap-- -----io---- -system-- ------cpu-----
 r  b   swpd   free   buff  cache   si   so    bi    bo   in   cs us sy id wa st
 0  1 5307220 130024      0 187180 52320 51740 52320 101584 22784 26673  0  5 78 17  0
 2  0 5318536 144204      0 178356 59284 64852 59284 118400 30453 31827  0  5 76 19  0
 0  1 5343912 147752      0 171812 78180 80868 78180 136276 36935 39742  0  8 78 14  0
 1  1 5347148 162912      0 196476 95188 67808 95188 132460 63350 44750  0  8 80 12  0
 1  2 5289808 104040      0 182108 79976    0 79976 57272 23443 28797  0  3 79 18  0
 0  2 5277268 108752      0 186456 82900 45144 82900 102652 51386 35810  0  7 76 17  0
 0  2 5267648 125076      0 190196 43112 46632 43112 102944 21327 34334  0  5 81 14  0
 0  2 5209404 117940      0 185448 60964    0 60964 58316 34851 31378  0  3 78 19  0
 1  1 5241768 181788      0 160884 64712 71484 64712 109044 39419 29990  0  7 83 10  0
 0  1 5233568 161992      0 168304 13348    0 13348 65112 5473 46410  0  1 88 12  0
 1  1 5232072 125680      0 201400 1536    0  1536 56772 2687 41239  0  0 88 12  0
 0  1 5232056 163992      0 164768  128    0   128 56044 1843 39542  0  0 88 12  0
 0  1 5229484 172620      0 152184 2568    0  2568 56500 1916 40883  0  0 88 12  0
 0  1 5220068 151064      0 162300 12276    0 12276 57160 5833 35966  0  1 88 12  0
 0  1 5212336 175800      0 192704 11084    0 11084 57504 6156 35021  0  1 87 12  0
 4  0 5184812 133832      0 203784 29172    0 29172 55436 10400 34994  0  1 87 11  0
 0  1 5162468 139840      0 173524 25088    0 25088 59440 9064 34674  0  1 87 11  0
 0  1 5160896 144512      0 166024 2108    0  2108 60060 2365 35681  0  0 88 12  0
 0  2 5160896 151300      0 159712    0    0     0 59420 1657 33344  0  0 79 20  0
 1  1 5160824 115184      0 194288  112    0   112 44004 1951 170208  2  3 75 20  0
 0  2 5160824 102352      0 214236    0    0     0     0  417 1273  0  0 73 26  0
procs -----------memory---------- ---swap-- -----io---- -system-- ------cpu-----
 r  b   swpd   free   buff  cache   si   so    bi    bo   in   cs us sy id wa st
 0  3 5160824 102624      0 214848    0    0     0     0  329  874  0  0 71 29  0
 0  3 5160824 102840      0 214732    0    0     0     0  292  798  0  0 70 30  0
 0  3 5160824 110480      0 202304    0    0     0 29243  380 1381  0  0 68 32  0
 0  3 5160820 111136      0 201912    8    0     8     8  310  875  0  0 62 38  0
 0  2 5160820 110136      0 202916    0    0     0 76828  371  851  0  0 66 33  0
 0  2 5160820 102364      0 214588    0    0     0 49208  480 1150  0  1 75 24  0
 0  3 5160820 102400      0 214896    0    0     0 61500  501 1099  0  1 76 24  0
 0  2 5160820 105732      0 209912    0    0     0 73808  543 1221  0  1 70 29  0
 0  2 5139552 127396      0 152476 30976    0 30976 22992 12714 16430  0  1 84 15  0
 2  1 5159188 135108      0 157996 54788 78812 54788 137972 36164 41669  0  5 79 16  0
 0  2 5142336 108196      0 160356 67448 42164 67448 101124 35197 43307  0  4 78 18  0
 0  2 5160892 129492      0 183076 52420 67972 52420 117476 38806 36341  0  4 82 14  0
 3  1 5123936 135056      0 156808 54656 19944 54656 76804 26913 36774  0  4 79 17  0
 0  2 5109876 117016      0 160576 58484 43148 58484 100384 35621 45538  0  4 79 17  0
 3  1 5099556 109940      0 154848 58356 47512 58356 105368 31402 41257  0  4 78 19  0
 0  1 5234476 123424      0 170816 54384 179248 54384 223568 41831 48047  0  6 76 19  0
 1  1 5257660 183920      0 180440 66124 96488 66124 167988 59256 42788  0  6 81 13  0
 0  1 5202640 124776      0 184452 56068    0 56068 56760 22249 34919  0  2 87 11  0
 0  2 5158652 112808      0 150336 59752 13500 59752 70988 27541 35892  0  4 77 19  0
 0  1 5120240 123092      0 168460 57712 20864 57712 80188 32573 32708  0  4 81 15  0
 1  1 5188124 281960      0 136848 34440 101548 34440 135176 34249 26419  0  4 75 21  0
procs -----------memory---------- ---swap-- -----io---- -system-- ------cpu-----
 r  b   swpd   free   buff  cache   si   so    bi    bo   in   cs us sy id wa st
 0  1 5191176 215928      0 207436 74076 76948 74076 142544 35657 37827  0  4 84 12  0
 1  1 5135360 162404      0 204324 56236    0 56236 59396 19086 26923  0  2 87 11  0
 0  2 5137448 182892      0 191568 61180 62756 65944 124704 32142 39878  0  3 74 23  0
 1  2 5099536 151696      0 173748 58144 2652 61056 46536 22660 27556  0  2 77 21  0
 0  1 5097560 162420      0 197640 38356 53544 38356 108188 21102 32980  0  3 82 15  0
 0  2 5042092 155100      0 148420 57956    0 57956 56476 19991 29273  0  3 86 11  0
 0  1 5062808 119596      0 192932 56164 79252 56164 137004 31693 39078  0  4 83 13  0
 0  4 5089356 148936      0 159068 52000 71564 53136 117328 25021 28438  0  4 71 25  0
 1  1 5091088 121792      0 175028 30572 38732 40628 75608 16286 24097  0  3 62 35  0
 0  1 5161372 228012      0 142892 35132 105372 35132 140456 33009 30107  0  4 78 17  0
 0  1 5122952 129856      0 201976 67488 25864 68160 88268 28052 37514  0  3 84 13  0
 2  1 5113452 162612      0 163456 61748 48472 61748 108268 30145 32986  0  4 83 12  0
 1  1 5136228 209816      0 139448 43156 71756 43156 119384 24974 27497  0  4 82 14  0
 0  2 5072104 120324      0 155228 71520    0 71520 65492 27741 36789  0  3 84 12  0
 0  2 5070060 133068      0 155060 59008 56976 59032 115988 28989 38745  0  4 78 18  0
 0  2 5050784 108420      0 158804 55736 85264 59156 144948 44129 37606  0  4 73 22  0
 0  1 5130704 173316      0 194868 56788 89500 56792 143516 29560 34740  0  4 83 13  0
 0  1 5075356 162004      0 143932 57904    0 57904 55764 19808 28841  0  2 87 11  0
 0  1 5080220 143792      0 178436 54500 59284 54500 113580 23662 30455  0  3 84 13  0
 0  1 5095380 185816      0 139036 60660 67136 60660 118412 34815 39137  0  4 83 12  0
 0  2 5031156 122308      0 135920 64832    0 64832 65048 31134 42322  0  3 85 12  0
procs -----------memory---------- ---swap-- -----io---- -system-- ------cpu-----
 r  b   swpd   free   buff  cache   si   so    bi    bo   in   cs us sy id wa st
 0  2 5039080 121376      0 149588 75008 85872 75024 163908 49332 63294  0  5 78 17  0
 0  1 5036472 128788      0 154064 55696 53792 55696 110184 36980 42161  0  5 81 14  0
 1  1 5030240 134648      0 163092 55180 50024 55400 106188 30740 38402  0  4 80 16  0
 0  3 4978668 103004      0 155848 68752 17456 68780 86544 33504 44069  0  3 77 20  0
 0  2 4986060 111788      0 153316 47504 57152 51528 106864 34029 37659  0  4 74 22  0
 0  2 4976832 109820      0 147144 61304 46156 65328 101600 29294 37125  0  5 79 17  0
 2  1 4992688 114436      0 155224 63844 70192 67904 124564 34146 34911  0  5 76 19  0
 0  1 5027184 136952      0 166028 52064 85064 56452 135620 29868 33314  0  5 76 19  0
 0  1 5027328 152168      0 148188 49100 47692 53096 95224 24655 27826  0  4 78 18  0
 0  1 5025872 131604      0 172820 62296 60260 66548 121984 34323 38483  0  5 77 18  0
 0  2 4983544 108836      0 153108 50796 9432 54792 61128 20666 26890  0  3 74 23  0
 0  2 4995476 123872      0 148652 56452 68180 60448 124428 24605 27497  0  4 81 14  0
 0  2 5008796 129328      0 155348 55360 66616 59268 119924 24776 28437  0  5 77 18  0
 0  2 4989836 114128      0 155192 64144 44260 72084 107528 24148 30643  0  3 74 22  0
 0  2 4995992 133264      0 151776 47796 56932 51764 107720 29741 28929  0  4 76 20  0
 1  2 4982100 115000      0 155472 58044 43696 62012 101300 23926 26949  0  4 77 19  0
 0  3 5003520 131576      0 153708 54556 73620 58524 125804 28431 29652  0  5 77 18  0
 0  2 4978572 111860      0 148680 60496 35272 64464 95512 23406 28718  0  4 79 16  0
 0  2 4984568 107988      0 155912 59764 62928 63924 119732 25754 30087  0  5 78 18  0
 3  1 4978408 102564      0 157944 60040 48108 63980 102440 42545 29371  0  5 76 19  0
 0  3 4988932 114756      0 152676 58516 68352 62456 126204 28613 30808  0  5 79 16  0
procs -----------memory---------- ---swap-- -----io---- -system-- ------cpu-----
 r  b   swpd   free   buff  cache   si   so    bi    bo   in   cs us sy id wa st
 0  3 5006356 111812      0 170828 51044 66860 55896 116168 26846 28711  0  4 74 22  0
 0  2 5000836 115256      0 160532 49700 42624 53640 90768 22772 28662  0  3 76 20  0
 0  3 5004956 125976      0 159928 56792 60480 60732 116908 28173 32758  0  5 79 16  0
 0  1 5016420 131360      0 165444 59792 67640 63732 123748 27839 33003  0  5 77 17  0
 4  0 5027560 119680      0 179736 65056 67588 68996 124116 31022 37138  0  5 80 16  0
 0  2 5042024 161964      0 148424 47928 61832 51868 109160 24339 25952  0  4 79 17  0
 0  2 4994168 103664      0 155732 72792 15356 76812 78536 25486 34633  0  4 79 17  0
 1  1 5016100 111380      0 155864 74800 76796 78740 131744 38576 42039  0  6 76 18  0
 0  2 5073760 130036      0 171976 71880 109176 75820 160688 33216 35827  0  6 77 17  0
 0  2 5077540 116280      0 168008 80172 60772 84088 117776 29943 35086  0  5 78 16  0
 0  2 5063684 108304      0 161520 58068 41276 61984 96408 26082 27243  0  4 80 16  0
 0  1 5079996 124196      0 171280 76692 69648 80608 122924 36979 34158  0  5 78 17  0
 1  1 5083156 129048      0 161032 72044 58212 75960 113352 29869 33609  0  5 79 16  0
 0  2 5062544 119972      0 177892 67644 34828 71560 90236 25918 29026  0  4 81 15  0
 1  1 5071384 134424      0 165928 64700 63572 68616 118328 27838 30642  0  5 78 17  0
 0  1 5062500 128976      0 155656 57732 46028 61648 100916 23907 29199  0  4 79 18  0
 0  2 5068796 122808      0 167888 62512 64348 66428 122424 26226 28908  0  5 77 17  0
 1  1 5079352 125704      0 165772 73732 67768 77648 124968 28767 32447  0  5 77 18  0
 2  2 5082396 113488      0 161828 82480 60592 86396 118124 30468 34281  0  5 77 18  0
 0  2 5082268 109404      0 157856 77128 52588 81044 105320 29790 30910  0  5 75 20  0
 1  2 5081348 103048      0 158508 73544 54764 77460 110440 30239 33453  0  5 77 18  0
procs -----------memory---------- ---swap-- -----io---- -system-- ------cpu-----
 r  b   swpd   free   buff  cache   si   so    bi    bo   in   cs us sy id wa st
 0  2 5113256 164524      0 158116 21844 47468 31296 62870 49186 15731  0  4 86  9  0
 0  1  77700 7085196      0 170436  964    0 13692     0 1543 1852  1  7 83  9  0
 0  0  76648 7137416      0 122896 2900    0 12080     0 1967 2492  0  2 89  9  0
 0  0  76648 7137784      0 122256    0    0     0     0  321  790  0  0 100  0  0
 0  0  76640 7136464      0 122768  168    0   800     0  437 1103  0  0 99  1  0
 0  0  76636 7136584      0 122844    4    0     4     0  312  858  0  0 100  0  0
 2  0  76568 7136080      0 123340  132    0   584     0  383  897  0  0 100  0  0
 0  0  76568 7136152      0 123232    0    0     0    13  292  770  0  0 100  0  0
 0  0  76568 7136168      0 123216    0    0     0     0  285  787  0  0 100  0  0
 0  0  76568 7136036      0 123192    0    0     0     0  302  806  0  0 100  0  0
 0  0  76568 7136168      0 123184    0    0     0     0  282  785  0  0 100  0  0
 0  0  76568 7136132      0 123176   16    0    60     0  335  872  0  0 100  0  0
 0  0  76568 7136024      0 123160    0    0     0     0  311  841  0  0 100  0  0
 0  0  76568 7136180      0 123128    0    0     0     0  293  820  0  0 100  0  0
 0  0  76568 7136220      0 123088    0    0     0     0  289  808  0  0 100  0  0
 0  0  76568 7136236      0 123072    0    0     0     0  289  814  0  0 100  0  0
 0  0  76568 7136244      0 123032    0    0     0     0  315  879  0  0 100  0  0
 0  0  76568 7136260      0 123016    0    0     0     0  306  824  0  0 100  0  0
 0  0  76568 7136268      0 123008    0    0     0     0  309  785  0  0 100  0  0
 0  0  76568 7136152      0 123004    0    0     0     0  318  818  0  0 100  0  0
 0  0  76568 7136424      0 122980    0    0     0     0  317  843  0  0 100  0  0
procs -----------memory---------- ---swap-- -----io---- -system-- ------cpu-----
 r  b   swpd   free   buff  cache   si   so    bi    bo   in   cs us sy id wa st
 0  0  76568 7136300      0 122980    0    0     0     0  311  781  0  0 100  0  0
 0  0  76568 7136300      0 122976    0    0     0    10  329  883  0  0 100  0  0
 0  0  76568 7136300      0 122972    0    0     0     0  289  778  0  0 100  0  0
 0  0  76568 7136284      0 123020    0    0     0     0  316  847  0  0 100  0  0
 0  0  76568 7136284      0 123020    0    0     0     0  309  832  0  0 100  0  0
 0  0  76568 7136284      0 123020    0    0     0     0  330  827  0  0 100  0  0
 0  0  76568 7136284      0 123020    0    0     0     0  407 1078  0  0 100  0  0
 0  0  76568 7136276      0 123028    0    0     0     0  315  829  0  0 100  0  0
 0  0  76568 7136284      0 123020    0    0     0     0  331  846  0  0 100  0  0
 0  0  76568 7136284      0 123020    0    0     0    12  299  802  0  0 100  0  0
 0  0  76568 7136292      0 123012    0    0     0     0  292  768  0  0 100  0  0
 0  0  76568 7136416      0 123012    0    0     0     0  346  875  0  0 100  0  0
 0  0  76568 7136416      0 123012    0    0     0     0  308  806  0  0 100  0  0
 0  0  76568 7136416      0 123012    0    0     0     0  280  721  0  0 100  0  0
 0  0  76568 7136292      0 123016    0    0     0     8  378  814  0  0 100  0  0
 0  0  76568 7136292      0 123016    0    0     0     0  305  857  0  0 100  0  0
 0  0  76568 7136292      0 123016    0    0     8    53  298  841  0  0 100  0  0
 0  0  76568 7136168      0 123016    0    0     0     0  249  747  0  0 100  0  0
 0  0  76568 7136168      0 123016    0    0     0     0  251  734  0  0 100  0  0
 0  0  76568 7136184      0 123000    0    0     0     0  254  738  0  0 100  0  0
 0  0  76568 7136184      0 123000    0    0     0     0  297  799  0  0 100  0  0
procs -----------memory---------- ---swap-- -----io---- -system-- ------cpu-----
 r  b   swpd   free   buff  cache   si   so    bi    bo   in   cs us sy id wa st
 0  0  76568 7136184      0 123000    0    0     0     0  285  780  0  0 100  0  0
 0  0  76568 7136184      0 123000    0    0     0     0  277  745  0  0 100  0  0
 0  0  76568 7136232      0 122952    0    0     0     0  275  788  0  0 100  0  0
 0  0  76568 7136232      0 122952    0    0     0     0  271  789  0  0 100  0  0
 0  0  76568 7136232      0 122952    0    0     0     0  242  720  0  0 100  0  0
 0  0  76568 7136232      0 122952    0    0     0     0  259  767  0  0 100  0  0
 0  0  76568 7136232      0 122952    0    0     0     0  270  752  0  0 100  0  0
 0  0  76568 7136356      0 122952    0    0     0     0  261  717  0  0 100  0  0
 0  0  76568 7136356      0 122952    0    0     0     0  264  734  0  0 100  0  0
 0  0  76568 7136480      0 122956    0    0     0     0  256  743  0  0 100  0  0
 0  0  76568 7136356      0 122956    0    0     0     3  273  754  0  0 100  0  0
 0  0  76568 7136480      0 122956    0    0     0     0  249  747  0  0 100  0  0
 0  0  76568 7136356      0 122956    0    0     0     0  265  752  0  0 100  0  0
 0  0  76568 7136356      0 122956    0    0     0     0  243  714  0  0 100  0  0
 0  0  76568 7136480      0 122960    0    0     0     0  251  742  0  0 100  0  0
 0  0  76568 7136356      0 122960    0    0     0     0  292  857  0  0 100  0  0
 0  0  76568 7136356      0 122960    0    0     0     0  257  754  0  0 100  0  0
 0  0  76564 7136356      0 123172    4    0   216     0  270  799  0  0 100  0  0
 0  0  76564 7136372      0 123172    0    0    16     0  274  784  0  0 100  0  0
 0  0  76564 7136372      0 123172    0    0     0     0  261  765  0  0 100  0  0
 0  0  76564 7136372      0 123172    0    0     0     0  265  754  0  0 100  0  0
procs -----------memory---------- ---swap-- -----io---- -system-- ------cpu-----
 r  b   swpd   free   buff  cache   si   so    bi    bo   in   cs us sy id wa st
 0  0  76564 7136372      0 123172    0    0     0     0  263  751  0  0 100  0  0
 1  0  76564 7136060      0 123172    0    0     0     0  281  839  0  0 100  0  0
 0  0  76564 7135908      0 123128    0    0     0    12  253  692  0  0 100  0  0
 0  0  76564 7135908      0 123128    0    0     0     0  277  788  0  0 100  0  0
 0  0  76564 7135908      0 123132    0    0     0     3  277  813  0  0 100  0  0
 0  0  76564 7135908      0 123132    0    0     0     0  278  758  0  0 100  0  0
 0  0  76564 7135908      0 123132    0    0     0     0  301  767  0  0 100  0  0
 0  0  76564 7135908      0 123132    0    0     0     8  289  729  0  0 100  0  0
 0  0  76564 7135908      0 123132    0    0     0     0  255  755  0  0 100  0  0
 0  0  76564 7135956      0 123132    0    0     0     0  264  772  0  0 100  0  0
 0  0  76564 7135956      0 123132    0    0     0     0  277  753  0  0 100  0  0
 0  0  76564 7135892      0 123196    0    0     0     0  269  742  0  0 100  0  0
 0  0  76564 7135900      0 123188    0    0     0     0  270  780  0  0 100  0  0
 0  0  76564 7135900      0 123188    0    0     0     0  235  710  0  0 100  0  0
 0  0  76564 7135900      0 123188    0    0     0     0  285  777  0  0 100  0  0
 0  0  76564 7135900      0 123188    0    0     0     0  262  718  0  0 100  0  0
 0  0  76564 7135900      0 123188    0    0     0     0  250  627  0  0 100  0  0
 0  0  76564 7135900      0 123188    0    0     0     0  297  786  0  0 100  0  0
 0  0  76564 7135900      0 123188    0    0     0     0  252  753  0  0 100  0  0
 0  0  76564 7135900      0 123188    0    0     0     7  268  780  0  0 100  0  0
 0  0  76564 7135900      0 123192    0    0     0     0  251  764  0  0 100  0  0
procs -----------memory---------- ---swap-- -----io---- -system-- ------cpu-----
 r  b   swpd   free   buff  cache   si   so    bi    bo   in   cs us sy id wa st
 0  0  76564 7135900      0 123192    0    0     0     0  249  745  0  0 100  0  0
 0  0  76564 7135900      0 123192    0    0     0     0  264  796  0  0 100  0  0
 0  0  76564 7135900      0 123192    0    0     0     0  237  707  0  0 100  0  0
 0  0  76564 7135900      0 123192    0    0     0     0  249  734  0  0 100  0  0
 0  0  76564 7135900      0 123192    0    0     0     0  259  739  0  0 100  0  0
 0  0  76564 7135900      0 123192    0    0     0     0  278  792  0  0 100  0  0
 0  0  76564 7135900      0 123192    0    0     0     0  266  727  0  0 100  0  0
 0  0  76564 7135900      0 123192    0    0     0     0  231  710  0  0 100  0  0
 0  0  76564 7135900      0 123192    0    0     0     0  264  743  0  0 100  0  0
 0  0  76564 7135900      0 123192    0    0     0     0  282  766  0  0 100  0  0
 0  0  76564 7135964      0 123128    0    0     0     0  283  783  0  0 100  0  0
 0  0  76564 7135964      0 123128    0    0     0     0  258  686  0  0 100  0  0
 0  0  76564 7135964      0 123128    0    0     0     0  308  863  0  0 100  0  0
 0  0  76564 7135964      0 123128    0    0    16    41  281  843  0  0 100  0  0
 0  0  76564 7135964      0 123128    0    0     0     0  274  767  0  0 100  0  0
 0  0  76564 7135964      0 123132    0    0     0     0  297  814  0  0 100  0  0
 0  0  76564 7135840      0 123132    0    0     0    20  278  788  0  0 100  0  0
 0  0  76564 7135840      0 123136    0    0     0     0  276  802  0  0 100  0  0
 0  0  76564 7135840      0 123136    0    0     0     0  290  801  0  0 100  0  0
 0  0  76564 7135840      0 123136    0    0     0     0  249  734  0  0 100  0  0
 0  0  76564 7135840      0 123136    0    0     0     0  268  787  0  0 100  0  0
procs -----------memory---------- ---swap-- -----io---- -system-- ------cpu-----
 r  b   swpd   free   buff  cache   si   so    bi    bo   in   cs us sy id wa st
 0  0  76564 7135964      0 123136    0    0     0     0  271  744  0  0 100  0  0
 0  0  76564 7135964      0 123136    0    0     0     0  283  811  0  0 100  0  0
 0  0  76564 7136088      0 123136    0    0     0     0  254  748  0  0 100  0  0
 0  0  76564 7136088      0 123136    0    0     0     0  268  793  0  0 100  0  0
 0  0  76564 7136088      0 123136    0    0     0     0  272  772  0  0 100  0  0
 0  0  76556 7136088      0 123136    8    0     8     0  290  718  0  0 100  0  0
 0  0  76556 7136088      0 123136    0    0     0     0  275  755  0  0 100  0  0
 0  0  76556 7136088      0 123136    0    0     0    10  314  765  0  0 100  0  0
 0  0  76556 7136088      0 123136    0    0     0     0  267  772  0  0 100  0  0
 0  0  76556 7136196      0 123152    0    0     0     0  295  781  0  0 100  0  0
 0  0  76556 7136072      0 123156    0    0     0     0  292  778  0  0 100  0  0
 0  0  76556 7136196      0 123156    0    0     0     0  255  733  0  0 100  0  0
 0  0  76556 7136072      0 123156    0    0     0     0  247  734  0  0 100  0  0
 0  0  76556 7136072      0 123156    0    0     0     0  262  765  0  0 100  0  0
 0  0  76556 7136040      0 123156    0    0     0     0  265  754  0  0 100  0  0
 0  0  76556 7136040      0 123156    0    0     0     0  266  777  0  0 100  0  0
 0  0  76556 7136040      0 123156    0    0     0     0  271  786  0  0 100  0  0
 0  0  76556 7136040      0 123152    4    0     4     0  316  810  0  0 100  0  0
 0  0  76524 7135716      0 123488   64    0   412     0  349  853  0  0 100  0  0
 0  0  76524 7135060      0 123480    8    0     8     0  365 1017  0  0 100  0  0
 0  0  76524 7134980      0 123480    0    0     0     0  236  634  0  0 100  0  0
procs -----------memory---------- ---swap-- -----io---- -system-- ------cpu-----
 r  b   swpd   free   buff  cache   si   so    bi    bo   in   cs us sy id wa st
 0  0  76524 7134980      0 123480    0    0     0     0  293  778  0  0 100  0  0
